001   0.000000   0.000000
002   179.811204   5.700326
003   179.701272   5.706708
004   179.730378   5.694177
005   179.783641   5.824278
006   179.586472   5.657174
007   179.708418   5.554002
008   179.535847   5.770867
009   179.796629   5.712400
010   179.579715   5.615641
011   179.716265   5.871671
012   179.698283   5.661770
013   179.750987   5.917355
014   179.782129   5.583588
015   179.785276   5.858793
016   179.506308   5.591496
017   179.654730   5.608639
018   179.595045   5.694840
019   179.619891   5.657437
020   179.597808   5.751947
021   179.707672   5.650135
022   179.730139   5.647052
023   179.575529   5.649501
024   179.591447   5.745427
025   179.627290   5.641914
026   179.615846   5.774408
027   179.723757   5.595913
028   179.592437   5.776417
029   179.616650   5.728694
030   179.704023   5.759904
031   179.701238   5.627497
032   179.591744   5.732465
033   179.680609   5.728319
034   179.612387   5.754237
035   179.711992   5.800227
036   179.575052   5.645619
037   179.659278   5.698782
038   179.681128   5.748968
039   179.625103   5.714985
040   179.674731   5.727169
041   179.623979   5.761581
042   179.588654   5.786810
043   179.765247   5.770566
044   179.591573   5.628213
045   179.612616   5.745470
046   179.707194   5.785959
047   179.631673   5.751065
048   179.640423   5.706131
049   179.726568   5.789462
050   179.630501   5.652365
051   179.698335   5.692578
052   179.674748   5.695371
053   179.648757   5.748640
054   179.625154   5.716984
055   179.645440   5.736416
056   179.746232   5.746347
057   179.573536   5.752356
058   179.559569   5.786451
059   179.619992   5.779992
060   179.643936   5.795080
061   179.626604   5.842995
062   179.696073   5.704899
063   179.639562   5.696945
064   179.638316   5.839737
065   179.709652   5.711992
066   179.644968   5.805416
067   179.624835   5.748100
068   179.677497   5.688675
069   179.615117   5.732180
070   179.665194   5.699915
071   179.710713   5.680756
072   179.586624   5.821939
073   179.756898   5.697100
074   179.627161   5.727948
075   179.648275   5.786342
076   179.736583   5.768246
077   179.686540   5.727342
078   179.670693   5.704793
079   179.602321   5.759261
080   179.700137   5.763063
081   179.680703   5.704651
082   179.734132   5.704204
083   179.661948   5.705303
084   179.559823   5.795606
085   179.799875   5.773924
086   179.603571   5.737514
087   179.673906   5.843399
088   179.678043   5.719010
089   179.575915   5.713862
090   179.671575   5.806889
091   179.685794   5.765277
092   179.641414   5.797575
093   179.796013   5.772128
094   179.713171   5.754003
095   179.580931   5.707766
096   179.734081   5.782981
097   179.730341   5.803721
098   179.645088   5.836349
099   179.561645   5.761635
100   179.614707   5.712546
101   179.725792   5.779327
102   179.656213   5.796822
103   179.666109   5.808681
104   179.542176   5.878996
105   179.661095   5.846885
106   179.695874   5.818851
107   179.651197   5.790125
108   179.683043   5.770461
109   179.661045   5.792217
110   179.669424   5.746264
111   179.700373   5.815387
112   179.680788   5.827349
113   179.608771   5.733277
114   179.714909   5.701120
115   179.694575   5.752598
116   179.554925   5.896864
117   179.649881   5.764513
118   179.654902   5.871578
119   179.475945   5.831794
120   179.682848   5.790410
121   179.667482   5.819508
122   179.624334   5.788594
123   179.663589   5.802647
124   179.719012   5.865808
125   179.584464   5.811340
126   179.624445   5.845981
127   179.823249   5.868205
128   0.000000   0.000000
129   0.000000   0.000000
130   0.000000   0.000000
131   0.000000   0.000000
132   0.000000   0.000000
133   0.000000   0.000000
134   0.000000   0.000000
135   0.000000   0.000000
136   0.000000   0.000000
137   0.000000   0.000000
138   0.000000   0.000000
139   0.000000   0.000000
140   0.000000   0.000000
141   0.000000   0.000000
142   0.000000   0.000000
143   0.000000   0.000000
144   0.000000   0.000000
145   0.000000   0.000000
146   0.000000   0.000000
147   0.000000   0.000000
148   0.000000   0.000000
149   0.000000   0.000000
150   0.000000   0.000000
151   0.000000   0.000000
152   0.000000   0.000000
153   0.000000   0.000000
154   0.000000   0.000000
155   0.000000   0.000000
156   0.000000   0.000000
157   0.000000   0.000000
158   0.000000   0.000000
159   0.000000   0.000000
160   0.000000   0.000000
161   0.000000   0.000000
162   0.000000   0.000000
163   0.000000   0.000000
164   0.000000   0.000000
165   0.000000   0.000000
166   0.000000   0.000000
167   0.000000   0.000000
168   0.000000   0.000000
169   0.000000   0.000000
170   0.000000   0.000000
171   0.000000   0.000000
172   0.000000   0.000000
173   0.000000   0.000000
174   0.000000   0.000000
175   0.000000   0.000000
176   0.000000   0.000000
177   0.000000   0.000000
178   0.000000   0.000000
179   179.662986   5.927448
180   179.721608   5.873453
181   179.717919   5.902793
182   179.626570   5.911187
183   179.802362   5.988271
184   179.761146   5.923256
185   179.702672   5.951962
186   179.768225   5.984082
187   179.781035   5.993756
188   179.744328   5.960097
189   179.717698   5.943233
190   179.789631   5.919378
191   179.654539   5.934975
192   179.796910   5.928322
193   179.734293   5.965780
194   179.734862   5.909455
195   179.691989   5.999052
196   179.700563   6.002215
197   179.711630   6.039340
198   179.714153   6.034404
199   179.719008   6.047363
200   179.729831   6.041393
201   179.705835   6.031462
202   179.733756   6.000856
203   179.710548   6.049019
204   179.741198   6.081398
205   179.748546   6.107335
206   179.742393   6.093989
207   179.747781   6.121097
208   179.730106   6.121083
209   179.743223   6.131183
210   179.761182   6.137905
211   179.717624   6.194626
212   179.755380   6.178701
213   179.765395   6.213519
214   179.776305   6.214428
215   179.773757   6.250915
216   179.750372   6.284250
217   179.756983   6.275668
218   179.755089   6.301588
219   179.752958   6.309159
220   179.770815   6.340719
221   179.767385   6.406784
222   0.000000   0.000000
223   0.000000   0.000000
224   0.000000   0.000000
225   0.000000   0.000000
226   0.000000   0.000000
227   0.000000   0.000000
228   0.000000   0.000000
229   0.000000   0.000000
230   0.000000   0.000000
231   0.000000   0.000000
232   0.000000   0.000000
233   0.000000   0.000000
234   0.000000   0.000000
235   0.000000   0.000000
236   0.000000   0.000000
237   0.000000   0.000000
238   0.000000   0.000000
239   0.000000   0.000000
240   0.000000   0.000000
241   0.000000   0.000000
242   0.000000   0.000000
243   0.000000   0.000000
244   0.000000   0.000000
245   0.000000   0.000000
246   0.000000   0.000000
247   0.000000   0.000000
248   0.000000   0.000000
249   0.000000   0.000000
250   0.000000   0.000000
251   0.000000   0.000000
252   0.000000   0.000000
253   0.000000   0.000000
254   0.000000   0.000000
255   0.000000   0.000000
256   0.000000   0.000000
257   0.000000   0.000000
258   0.000000   0.000000
259   0.000000   0.000000
260   0.000000   0.000000
261   0.000000   0.000000
262   0.000000   0.000000
263   0.000000   0.000000
264   0.000000   0.000000
265   0.000000   0.000000
266   0.000000   0.000000
267   0.000000   0.000000
268   0.000000   0.000000
269   0.000000   0.000000
270   0.000000   0.000000
271   0.000000   0.000000
272   0.000000   0.000000
273   0.000000   0.000000
274   0.000000   0.000000
