001   0.0134520   0.0140520   0.0127770
002   0.0135570   0.0142480   0.0128910
003   0.0135370   0.0141720   0.0128950
004   0.0133800   0.0140620   0.0127300
005   0.0133470   0.0140360   0.0127230
006   0.0134650   0.0141750   0.0128160
007   0.0134560   0.0140920   0.0127870
008   0.0134620   0.0141820   0.0127940
009   0.0134390   0.0141090   0.0127420
010   0.0132490   0.0138920   0.0125720
011   0.0134330   0.0141120   0.0127750
012   0.0133210   0.0139810   0.0126300
013   0.0132840   0.0139910   0.0125490
014   0.0133100   0.0139230   0.0126840
015   0.0134140   0.0140470   0.0127340
016   0.0134720   0.0140970   0.0128090
017   0.0131560   0.0138060   0.0124610
018   0.0133860   0.0140870   0.0127290
019   0.0133060   0.0140240   0.0126630
020   0.0132780   0.0139290   0.0126190
021   0.0133320   0.0139560   0.0126610
022   0.0132150   0.0138560   0.0125530
023   0.0133310   0.0140070   0.0126400
024   0.0131570   0.0138230   0.0124990
025   0.0132670   0.0138890   0.0126180
026   0.0133300   0.0139420   0.0126750
027   0.0133700   0.0140260   0.0127060
028   0.0132760   0.0139370   0.0126170
029   0.0134040   0.0140280   0.0127330
030   0.0135210   0.0141820   0.0128170
031   0.0132720   0.0139280   0.0126390
032   0.0134900   0.0141320   0.0128010
033   0.0133090   0.0139110   0.0126800
034   0.0133650   0.0140440   0.0127200
035   0.0132620   0.0138890   0.0126070
036   0.0133410   0.0140090   0.0127320
037   0.0133040   0.0139570   0.0126660
038   0.0133600   0.0140370   0.0127310
039   0.0135230   0.0141490   0.0128390
040   0.0133380   0.0140290   0.0127070
041   0.0131470   0.0138470   0.0125020
042   0.0134380   0.0140640   0.0127750
043   0.0133260   0.0139620   0.0126980
044   0.0133500   0.0140090   0.0126680
045   0.0134020   0.0140970   0.0127500
046   0.0134880   0.0141210   0.0128420
047   0.0136030   0.0142430   0.0129510
048   0.0135050   0.0141570   0.0128240
049   0.0133990   0.0140700   0.0127320
050   0.0132800   0.0139340   0.0126000
051   0.0133040   0.0139500   0.0126200
052   0.0134410   0.0140960   0.0127460
053   0.0134050   0.0140790   0.0127350
054   0.0132760   0.0139630   0.0125870
055   0.0131880   0.0139100   0.0125790
056   0.0134240   0.0141290   0.0127410
057   0.0134260   0.0141100   0.0127670
058   0.0132170   0.0138730   0.0125250
059   0.0133060   0.0139610   0.0126470
060   0.0133770   0.0139940   0.0126760
061   0.0132660   0.0139490   0.0126170
062   0.0134550   0.0141290   0.0127840
063   0.0135120   0.0141730   0.0128260
064   0.0133180   0.0139760   0.0126850
065   0.0133290   0.0139900   0.0126240
066   0.0133660   0.0140540   0.0127200
067   0.0134300   0.0140960   0.0127730
068   0.0133280   0.0139520   0.0126940
069   0.0135110   0.0141490   0.0128570
070   0.0131960   0.0138470   0.0125120
071   0.0132870   0.0139300   0.0126050
072   0.0135250   0.0141860   0.0128630
073   0.0135250   0.0142110   0.0128320
074   0.0133270   0.0140360   0.0126680
075   0.0131640   0.0138240   0.0124980
076   0.0133960   0.0140780   0.0127560
077   0.0132660   0.0139240   0.0126000
078   0.0133740   0.0140840   0.0126870
079   0.0133530   0.0140210   0.0126820
080   0.0133530   0.0139800   0.0127160
081   0.0134470   0.0141560   0.0128060
082   0.0133560   0.0140070   0.0126930
083   0.0132670   0.0139160   0.0126000
084   0.0133210   0.0140260   0.0126700
085   0.0136000   0.0142660   0.0129300
086   0.0132850   0.0139560   0.0126110
087   0.0132210   0.0138690   0.0125840
088   0.0133350   0.0140020   0.0126640
089   0.0134120   0.0140700   0.0127610
090   0.0134030   0.0140470   0.0127370
091   0.0134370   0.0140700   0.0127600
092   0.0135040   0.0141220   0.0128640
093   0.0135820   0.0142060   0.0128990
094   0.0131560   0.0138160   0.0125200
095   0.0133150   0.0139800   0.0127030
096   0.0133320   0.0140520   0.0126480
097   0.0131970   0.0138640   0.0125260
098   0.0133000   0.0139580   0.0126440
099   0.0133720   0.0140870   0.0127130
100   0.0133630   0.0140270   0.0126620
101   0.0134040   0.0140400   0.0127170
102   0.0134250   0.0140730   0.0127770
103   0.0132610   0.0139500   0.0125990
104   0.0134750   0.0141240   0.0128310
105   0.0133430   0.0140180   0.0126620
106   0.0134980   0.0141630   0.0128460
107   0.0132710   0.0139200   0.0126480
108   0.0132270   0.0138810   0.0125770
109   0.0133580   0.0140240   0.0127000
110   0.0134390   0.0140780   0.0128210
111   0.0132750   0.0139660   0.0126370
112   0.0133490   0.0139970   0.0127030
113   0.0135060   0.0141910   0.0128120
114   0.0132120   0.0139170   0.0125700
115   0.0133060   0.0139950   0.0126650
116   0.0132900   0.0139000   0.0125830
117   0.0134610   0.0141330   0.0128010
118   0.0132930   0.0139690   0.0127000
119   0.0132890   0.0139180   0.0126450
120   0.0134410   0.0141330   0.0127750
121   0.0133290   0.0140160   0.0126480
122   0.0134650   0.0141240   0.0127930
123   0.0136890   0.0143470   0.0130570
124   0.0132170   0.0138900   0.0126140
125   0.0132130   0.0138550   0.0125210
126   0.0133910   0.0139880   0.0127190
127   0.0134440   0.0140940   0.0127660
128   0.0132340   0.0139550   0.0125680
129   0.0134100   0.0140200   0.0127310
130   0.0135660   0.0141900   0.0128790
131   0.0135190   0.0142090   0.0128320
132   0.0132870   0.0139880   0.0126150
133   0.0134240   0.0141060   0.0127660
134   0.0132310   0.0138760   0.0125710
135   0.0133910   0.0140760   0.0127250
136   0.0133530   0.0139870   0.0126710
137   0.0134630   0.0141160   0.0128040
138   0.0132650   0.0139240   0.0126060
139   0.0133420   0.0139820   0.0126860
140   0.0134150   0.0140540   0.0127240
141   0.0134770   0.0141610   0.0128250
142   0.0133410   0.0140120   0.0127070
143   0.0133630   0.0140290   0.0127230
144   0.0134230   0.0140900   0.0127950
145   0.0133000   0.0140040   0.0126240
146   0.0131920   0.0138730   0.0125460
147   0.0133050   0.0139640   0.0126220
148   0.0134370   0.0141260   0.0127660
149   0.0134610   0.0141390   0.0127900
150   0.0133070   0.0139540   0.0126490
151   0.0133160   0.0139770   0.0126530
152   0.0133190   0.0139570   0.0126400
153   0.0133640   0.0140450   0.0127680
154   0.0134770   0.0141080   0.0127860
155   0.0133650   0.0140190   0.0127000
156   0.0133590   0.0139730   0.0127190
157   0.0133860   0.0140280   0.0127560
158   0.0133430   0.0140350   0.0127250
159   0.0135130   0.0142000   0.0127850
160   0.0134190   0.0141260   0.0127670
161   0.0132540   0.0139720   0.0126460
162   0.0134680   0.0141290   0.0127860
163   0.0132080   0.0138810   0.0125390
164   0.0133420   0.0139940   0.0126830
165   0.0132920   0.0139100   0.0126270
166   0.0135950   0.0142380   0.0128930
167   0.0134840   0.0141770   0.0128180
168   0.0132930   0.0139080   0.0126240
169   0.0135930   0.0142200   0.0129420
170   0.0134690   0.0141290   0.0128010
171   0.0135880   0.0142420   0.0128970
172   0.0133000   0.0139400   0.0126460
173   0.0134420   0.0141370   0.0127430
174   0.0134960   0.0141660   0.0128050
175   0.0133730   0.0140160   0.0126640
176   0.0132520   0.0138700   0.0125660
177   0.0133140   0.0139980   0.0126580
178   0.0134630   0.0141060   0.0127930
179   0.0133570   0.0139910   0.0126800
180   0.0132180   0.0138860   0.0125430
181   0.0133740   0.0140310   0.0127410
182   0.0135750   0.0142190   0.0129020
183   0.0132730   0.0139310   0.0126100
184   0.0133610   0.0140590   0.0127000
185   0.0133530   0.0139860   0.0127400
186   0.0132820   0.0139550   0.0126270
187   0.0134230   0.0140560   0.0127680
188   0.0133750   0.0140170   0.0127270
189   0.0134560   0.0141060   0.0127920
190   0.0135380   0.0141730   0.0128620
191   0.0133900   0.0140620   0.0127030
192   0.0134710   0.0141220   0.0128200
193   0.0134730   0.0141100   0.0128070
194   0.0133390   0.0139840   0.0126520
195   0.0133590   0.0140630   0.0127160
196   0.0132000   0.0139000   0.0125380
197   0.0133800   0.0140480   0.0127140
198   0.0131850   0.0138330   0.0125440
199   0.0134690   0.0141270   0.0127660
200   0.0134540   0.0142100   0.0127550
201   0.0132590   0.0139030   0.0126080
202   0.0134180   0.0140470   0.0127620
203   0.0134880   0.0141240   0.0128090
204   0.0133620   0.0139810   0.0126730
205   0.0134860   0.0141710   0.0128380
206   0.0133480   0.0140280   0.0126590
207   0.0131540   0.0137960   0.0125040
208   0.0134040   0.0140660   0.0127480
209   0.0131910   0.0138600   0.0125360
210   0.0133020   0.0139680   0.0126080
211   0.0132450   0.0138800   0.0125480
212   0.0133590   0.0140060   0.0126900
213   0.0134040   0.0140470   0.0128100
214   0.0132760   0.0139530   0.0126260
215   0.0132450   0.0139020   0.0125810
216   0.0132340   0.0138560   0.0125860
217   0.0132770   0.0139970   0.0126420
218   0.0133000   0.0139090   0.0126900
219   0.0135430   0.0142410   0.0128600
220   0.0132330   0.0139450   0.0125630
221   0.0132690   0.0139210   0.0126040
222   0.0134220   0.0141020   0.0127710
223   0.0132130   0.0138610   0.0125700
224   0.0135350   0.0142230   0.0128530
225   0.0132910   0.0138980   0.0125950
226   0.0133720   0.0140400   0.0127190
227   0.0132860   0.0139470   0.0126150
228   0.0135430   0.0141950   0.0128710
229   0.0132400   0.0138970   0.0125680
230   0.0135340   0.0141570   0.0128360
231   0.0132820   0.0139500   0.0125980
232   0.0132360   0.0139470   0.0125540
233   0.0135410   0.0141780   0.0128670
234   0.0134300   0.0140780   0.0127590
235   0.0134380   0.0141080   0.0128040
236   0.0133930   0.0140640   0.0127160
237   0.0133610   0.0139980   0.0126800
238   0.0133950   0.0140690   0.0127170
239   0.0135850   0.0142780   0.0128810
240   0.0134070   0.0140760   0.0127560
241   0.0134080   0.0140980   0.0127050
242   0.0132800   0.0139490   0.0126350
243   0.0134860   0.0141650   0.0128520
244   0.0134050   0.0140750   0.0127490
245   0.0133490   0.0139910   0.0127020
246   0.0133060   0.0139870   0.0126390
247   0.0132480   0.0139530   0.0125890
248   0.0131360   0.0138170   0.0124740
249   0.0134010   0.0140930   0.0127000
250   0.0134470   0.0141010   0.0127720
251   0.0133600   0.0140140   0.0126550
252   0.0131010   0.0137740   0.0124550
253   0.0133240   0.0139750   0.0126800
254   0.0132890   0.0139860   0.0126160
255   0.0132220   0.0138670   0.0126080
256   0.0132230   0.0139190   0.0125670
257   0.0131970   0.0139050   0.0125500
258   0.0132830   0.0139320   0.0126350
259   0.0132980   0.0139730   0.0126340
260   0.0134740   0.0141330   0.0127840
261   0.0133540   0.0139950   0.0126700
262   0.0133550   0.0140120   0.0126510
263   0.0132590   0.0138820   0.0125960
264   0.0134110   0.0140920   0.0127650
265   0.0132960   0.0138860   0.0126640
266   0.0131170   0.0137670   0.0125080
267   0.0133640   0.0140030   0.0126990
268   0.0134240   0.0140830   0.0127490
269   0.0133650   0.0140550   0.0126980
270   0.0133630   0.0140030   0.0127050
271   0.0133960   0.0140640   0.0127320
272   0.0133720   0.0140320   0.0126800
273   0.0132310   0.0139290   0.0125450
274   0.0133800   0.0140540   0.0127200
