001   0.000000   0.000000
002   -0.107759   0.256037
003   -0.108965   0.254412
004   -0.108605   0.257702
005   -0.112457   0.254647
006   -0.110775   0.251904
007   -0.110522   0.254483
008   -0.113897   0.266533
009   -0.105276   0.263019
010   -0.110036   0.261283
011   -0.109358   0.253567
012   -0.099967   0.254245
013   -0.105090   0.256946
014   -0.103709   0.256010
015   -0.100030   0.260305
016   -0.112015   0.256605
017   -0.106860   0.255514
018   -0.108638   0.259202
019   -0.101459   0.251712
020   -0.101891   0.258934
021   -0.105957   0.257765
022   -0.104921   0.260329
023   -0.101734   0.250945
024   -0.105532   0.253846
025   -0.103115   0.252766
026   -0.100332   0.256678
027   -0.100485   0.249845
028   -0.102624   0.255218
029   -0.101499   0.252853
030   -0.097744   0.256363
031   -0.099352   0.253260
032   -0.095832   0.252954
033   -0.097288   0.255296
034   -0.096805   0.251110
035   -0.100889   0.250849
036   -0.094606   0.244144
037   -0.098293   0.250188
038   -0.093352   0.253677
039   -0.097844   0.253326
040   -0.093865   0.249046
041   -0.095569   0.253252
042   -0.087746   0.245350
043   -0.090190   0.249745
044   -0.093761   0.248228
045   -0.090449   0.245856
046   -0.091317   0.247727
047   -0.086799   0.247450
048   -0.092775   0.249310
049   -0.093717   0.245472
050   -0.088869   0.251856
051   -0.088868   0.245721
052   -0.092863   0.246315
053   -0.093967   0.248002
054   -0.087622   0.246322
055   -0.088709   0.239786
056   -0.087209   0.244950
057   -0.087540   0.244040
058   -0.088342   0.242594
059   -0.087652   0.244329
060   -0.088984   0.242368
061   -0.090769   0.246268
062   -0.083928   0.246743
063   -0.086817   0.245197
064   -0.082864   0.239772
065   -0.083566   0.237228
066   -0.087464   0.240832
067   -0.084535   0.242553
068   -0.081605   0.244015
069   -0.081695   0.240296
070   -0.084397   0.239458
071   -0.077334   0.237862
072   -0.082855   0.238000
073   -0.083435   0.237269
074   -0.084381   0.243132
075   -0.083808   0.237673
076   -0.080135   0.239999
077   -0.082311   0.239240
078   -0.077516   0.237307
079   -0.082638   0.235270
080   -0.078556   0.236269
081   -0.082658   0.238745
082   -0.080677   0.239469
083   -0.077159   0.236713
084   -0.076535   0.233407
085   -0.074440   0.236978
086   -0.079723   0.238203
087   -0.080919   0.236248
088   -0.079844   0.231082
089   -0.076320   0.233217
090   -0.078798   0.234223
091   -0.079815   0.229347
092   -0.076787   0.234635
093   -0.077132   0.235331
094   -0.075771   0.231958
095   -0.073800   0.232354
096   -0.075385   0.230348
097   -0.077566   0.231296
098   -0.074820   0.231669
099   -0.075546   0.230723
100   -0.073637   0.231676
101   -0.075417   0.231494
102   -0.076544   0.228763
103   -0.074810   0.232055
104   -0.074135   0.229634
105   -0.075127   0.231692
106   -0.074593   0.230712
107   -0.074370   0.227039
108   -0.070824   0.229154
109   -0.075501   0.230600
110   -0.073896   0.225724
111   -0.071957   0.228390
112   -0.073535   0.226519
113   -0.076510   0.228875
114   -0.071435   0.226632
115   -0.072791   0.230932
116   -0.070101   0.232107
117   -0.071124   0.227128
118   -0.072065   0.228125
119   -0.071807   0.227310
120   -0.069662   0.229414
121   -0.071566   0.226567
122   -0.069307   0.226687
123   -0.068654   0.224072
124   -0.071814   0.225434
125   -0.068793   0.222139
126   -0.071234   0.224408
127   -0.071890   0.225595
128   0.000000   0.000000
129   0.000000   0.000000
130   0.000000   0.000000
131   0.000000   0.000000
132   0.000000   0.000000
133   0.000000   0.000000
134   0.000000   0.000000
135   0.000000   0.000000
136   0.000000   0.000000
137   0.000000   0.000000
138   0.000000   0.000000
139   0.000000   0.000000
140   0.000000   0.000000
141   0.000000   0.000000
142   0.000000   0.000000
143   0.000000   0.000000
144   0.000000   0.000000
145   0.000000   0.000000
146   0.000000   0.000000
147   0.000000   0.000000
148   0.000000   0.000000
149   0.000000   0.000000
150   0.000000   0.000000
151   0.000000   0.000000
152   0.000000   0.000000
153   0.000000   0.000000
154   0.000000   0.000000
155   0.000000   0.000000
156   0.000000   0.000000
157   0.000000   0.000000
158   0.000000   0.000000
159   0.000000   0.000000
160   0.000000   0.000000
161   0.000000   0.000000
162   0.000000   0.000000
163   0.000000   0.000000
164   0.000000   0.000000
165   0.000000   0.000000
166   0.000000   0.000000
167   0.000000   0.000000
168   0.000000   0.000000
169   0.000000   0.000000
170   0.000000   0.000000
171   0.000000   0.000000
172   0.000000   0.000000
173   0.000000   0.000000
174   0.000000   0.000000
175   0.000000   0.000000
176   0.000000   0.000000
177   0.000000   0.000000
178   0.000000   0.000000
179   -0.048392   0.205771
180   -0.048049   0.204516
181   -0.045964   0.204839
182   -0.045277   0.205240
183   -0.044706   0.203810
184   -0.046970   0.202198
185   -0.045880   0.203180
186   -0.045629   0.204599
187   -0.046303   0.203368
188   -0.043782   0.202716
189   -0.044550   0.203765
190   -0.042917   0.201317
191   -0.042719   0.202676
192   -0.042568   0.201069
193   -0.042604   0.200814
194   -0.042412   0.200514
195   -0.041655   0.199147
196   -0.038160   0.198898
197   -0.039305   0.196670
198   -0.038039   0.197324
199   -0.036133   0.195413
200   -0.034086   0.192254
201   -0.033819   0.191605
202   -0.033323   0.194885
203   -0.030820   0.190626
204   -0.029351   0.190755
205   -0.029099   0.188496
206   -0.027599   0.187133
207   -0.026632   0.185604
208   -0.024535   0.184754
209   -0.022839   0.183861
210   -0.020731   0.183724
211   -0.020552   0.181998
212   -0.020724   0.179002
213   -0.018140   0.179746
214   -0.018116   0.178316
215   -0.016741   0.176825
216   -0.015222   0.182793
217   -0.015034   0.176267
218   -0.015493   0.174215
219   -0.012363   0.172597
220   -0.011626   0.170559
221   -0.010467   0.171481
222   0.000000   0.000000
223   0.000000   0.000000
224   0.000000   0.000000
225   0.000000   0.000000
226   0.000000   0.000000
227   0.000000   0.000000
228   0.000000   0.000000
229   0.000000   0.000000
230   0.000000   0.000000
231   0.000000   0.000000
232   0.000000   0.000000
233   0.000000   0.000000
234   0.000000   0.000000
235   0.000000   0.000000
236   0.000000   0.000000
237   0.000000   0.000000
238   0.000000   0.000000
239   0.000000   0.000000
240   0.000000   0.000000
241   0.000000   0.000000
242   0.000000   0.000000
243   0.000000   0.000000
244   0.000000   0.000000
245   0.000000   0.000000
246   0.000000   0.000000
247   0.000000   0.000000
248   0.000000   0.000000
249   0.000000   0.000000
250   0.000000   0.000000
251   0.000000   0.000000
252   0.000000   0.000000
253   0.000000   0.000000
254   0.000000   0.000000
255   0.000000   0.000000
256   0.000000   0.000000
257   0.000000   0.000000
258   0.000000   0.000000
259   0.000000   0.000000
260   0.000000   0.000000
261   0.000000   0.000000
262   0.000000   0.000000
263   0.000000   0.000000
264   0.000000   0.000000
265   0.000000   0.000000
266   0.000000   0.000000
267   0.000000   0.000000
268   0.000000   0.000000
269   0.000000   0.000000
270   0.000000   0.000000
271   0.000000   0.000000
272   0.000000   0.000000
273   0.000000   0.000000
274   0.000000   0.000000
